"","U_ID","ID","Q07","Q08","Q09","Q10","Q11","Q12","Q13","Q14","Q15","Q16","Q17","Q18","Q19","Q20","Q21","Q22","Q23","Q24","Q25","Q26","Q27","Q28","Q29","Q31","Q32","Score"
"1","A7","4244","5",2,1,3,2,5,5,3,1,4,4,5,5,4,4,4,4,5,NA,2,4,5,4,5,4,85
"2","A3","4267",NA,4,4,4,4,4,4,4,4,5,5,5,5,4,5,5,5,5,NA,5,5,5,5,5,5,106
"3","A10","4262","4",3,5,5,4,5,5,4,5,3,5,4,3,4,4,5,5,4,NA,5,5,5,5,5,5,103
"4","A1","4246","4",4,4,4,4,4,4,4,4,3,3,3,4,3,4,3,2,4,NA,4,4,4,4,4,4,85
"5","A6","4241","5",5,5,5,5,5,5,5,4,5,5,5,5,5,5,5,5,5,NA,5,5,5,5,5,5,114
"6","A4","4254","3",4,5,4,5,5,4,3,5,4,5,5,4,4,3,4,5,5,NA,5,4,5,5,5,5,103
"7","A5","4247","5",5,5,5,4,5,5,5,3,5,4,4,4,4,5,4,5,5,NA,5,5,5,5,4,5,106
"8","A13","4259","5",4,5,5,4,5,5,4,5,5,5,5,5,5,5,5,5,5,NA,5,5,4,5,5,5,111
"9","A9","4261","4",4,NA,5,4,4,5,4,3,5,4,4,2,3,4,4,4,5,NA,5,5,4,4,4,5,91
"10","A2","4242","1",1,1,1,1,1,1,1,1,1,1,1,1,1,1,1,1,1,NA,1,1,1,1,1,1,23
"11","A12","4257","5",5,5,5,5,5,5,5,3,3,4,4,3,3,3,4,3,4,NA,5,5,4,3,5,5,96
"12","A8","4251","4",3,4,4,NA,NA,NA,3,4,4,3,NA,NA,NA,NA,NA,NA,NA,NA,NA,NA,NA,NA,NA,NA,25
"13","A11","4250","5",4,4,5,5,5,5,5,3,4,4,4,3,5,4,4,4,5,NA,5,5,5,5,5,5,103
"14","A19","4287","5",5,5,5,5,5,4,4,4,5,5,5,4,5,5,5,5,5,NA,5,5,5,NA,5,5,106
"15","A15","4272A","4",4,4,3,4,4,5,3,5,4,5,5,5,5,5,5,5,5,NA,5,5,5,4,5,5,105
"16","A17","4289","4",4,4,4,4,5,4,3,4,4,4,4,4,3,5,4,4,3,NA,4,4,4,3,3,4,89
"17","A23","4294F","5",5,5,5,4,4,5,5,4,5,5,5,5,NA,4,4,5,5,NA,4,5,5,5,5,5,104
"18","A20","4277","3",4,5,4,5,4,5,4,4,2,3,4,4,4,2,3,4,3,NA,5,5,4,3,5,5,91
"19","A25","4286","4",3,3,3,4,4,4,4,3,3,3,4,3,3,3,4,4,4,NA,4,4,4,4,4,4,83
"20","A21","4275","5",4,5,4,5,4,5,5,4,4,5,5,5,4,5,5,5,5,NA,5,5,5,5,5,5,109
"21","A16","4284","4",4,3,4,4,4,4,5,3,4,4,4,3,4,4,3,3,3,NA,4,3,4,3,4,5,86
"22","A22","4293F","5",5,5,4,5,4,5,3,4,5,5,3,5,5,4,5,5,4,NA,5,5,5,4,5,5,105
"23","A14","4276","4",4,4,4,4,4,4,4,4,5,5,5,5,5,4,4,4,5,NA,5,5,5,5,5,5,104
"24","A18","4273","5",5,4,5,4,4,4,4,5,4,4,5,5,3,5,5,5,5,NA,5,5,5,5,5,5,106
"25","A24","4285","4",4,5,5,4,5,4,4,4,4,4,4,4,4,4,5,5,4,NA,4,4,5,5,4,5,100
"26","A29","4268","3",3,4,5,3,4,3,3,5,5,5,5,3,4,3,5,5,5,4,4,5,5,4,5,5,102
"27","A33","4264","4",4,4,4,5,4,4,4,3,5,3,3,4,5,4,4,5,4,5,5,5,4,4,5,5,102
"28","A32","4258","4",4,5,5,5,4,5,4,5,4,5,5,5,4,4,5,5,4,4,5,5,5,4,5,5,111
"29","A27","4248","4",4,5,5,5,5,5,4,5,5,5,5,5,5,5,5,5,5,5,5,5,5,5,5,5,118
"30","A35","4274","4",4,5,4,4,4,4,4,4,4,5,5,3,4,4,5,5,5,5,5,4,4,5,5,4,105
"31","A30","4260","4",5,5,5,5,5,5,5,4,5,5,5,4,4,4,5,5,5,4,5,5,5,4,5,5,114
"32","A34","4271","2",2,5,4,4,4,1,4,5,4,5,5,5,3,3,4,5,5,4,4,5,5,5,5,5,101
"33","A26","4243","3",4,4,4,2,4,4,3,3,3,4,3,4,4,5,4,4,4,4,4,4,4,3,5,4,91
"34","A28","4249","5",4,5,4,5,4,5,4,4,5,5,4,4,5,5,5,4,5,5,4,4,4,5,4,4,107
"35","A36","4240","3",4,2,4,4,3,3,3,1,1,3,1,3,2,3,2,2,2,NA,4,3,NA,3,4,4,61
"36","A31","4269","4",4,4,5,5,5,4,4,2,3,3,5,4,3,3,4,4,3,3,4,5,4,4,5,5,95
"37","A41","4278","2",2,3,3,3,4,4,2,5,4,3,3,3,3,2,4,3,3,3,4,5,3,2,4,4,79
"38","A43","4293","4",4,4,4,4,3,4,4,NA,3,5,4,4,3,4,4,3,5,5,5,5,3,4,4,4,92
"39","A44","4288","4",5,5,5,4,4,5,4,4,4,4,5,5,5,4,5,4,4,4,5,5,5,4,5,5,109
"40","A42","4290","5",5,5,5,4,4,5,4,4,4,4,3,3,4,4,5,4,4,4,5,5,4,4,4,4,101
"41","A39","4291","2",4,5,5,4,4,4,4,2,2,3,2,4,4,1,3,3,2,2,5,5,4,3,4,4,83
"42","A40","4282","4",3,4,5,5,4,4,5,1,4,2,4,4,4,4,3,4,4,4,4,4,5,4,4,4,93
"43","A47","4304","5",4,5,5,5,4,5,5,5,4,4,4,5,4,5,4,5,5,4,5,4,4,5,4,4,108
"44","A49","4321","3",4,4,4,2,4,3,5,5,3,4,4,4,5,3,4,4,5,5,4,5,4,3,3,5,96
"45","A53","4322","5",3,3,3,4,5,5,4,4,5,5,5,5,5,5,5,4,5,5,5,5,5,5,5,4,109
"46","A50","4294","3",3,3,4,4,4,4,4,4,4,5,5,4,3,3,4,5,4,3,4,5,4,4,5,4,96
"47","A55","4310","4",4,4,5,5,5,3,5,4,4,5,5,3,4,5,5,5,5,4,5,5,5,3,5,5,108
"48","A45","4309","5",5,5,5,3,5,5,5,5,5,5,5,5,5,5,5,5,5,5,5,5,5,5,5,5,118
"49","A46","4306","4",3,3,4,5,5,5,3,5,3,4,2,4,4,5,4,4,3,3,4,5,4,4,5,5,96
"50","A58","4313","3",3,3,3,3,4,3,3,4,4,4,4,3,4,4,4,4,3,4,4,4,3,3,4,4,86
"51","A52","4315","4",5,5,5,4,5,5,5,5,5,1,5,4,5,4,5,5,5,5,4,5,5,5,5,5,112
"52","A59","4299","5",4,5,5,4,5,5,4,5,4,5,5,4,4,4,4,4,4,5,5,5,5,5,5,5,110
"53","A48","4319","4",3,4,4,4,5,5,4,3,4,4,4,4,5,5,4,5,5,5,5,4,4,4,5,5,104
"54","A56","4302","3",3,4,4,5,5,5,5,3,4,4,5,4,4,5,4,5,4,4,5,5,5,4,5,5,106
"55","A54","4300","4",3,4,3,3,4,4,3,5,2,5,5,4,5,5,4,5,5,4,5,5,5,5,5,5,103
"56","A57","4301","5",4,4,4,4,5,4,4,4,5,5,5,4,4,5,4,5,5,5,5,5,5,5,5,5,110
"57","A51","4318","3",4,3,3,3,4,4,3,4,5,5,5,3,4,4,4,4,4,3,4,5,4,4,4,5,95
"58","A70","4362","3",4,4,3,4,4,4,3,3,4,5,5,4,3,4,4,5,4,4,5,5,5,4,5,5,100
"59","A63","4343","4",5,5,5,5,5,5,4,5,5,5,5,5,5,4,5,5,5,5,5,5,5,5,5,5,118
"60","A60","4363","4",4,5,5,5,5,5,5,4,4,4,4,5,4,4,5,5,5,5,5,5,5,5,NA,5,108
"61","A61","4333","4",4,4,4,4,4,4,4,3,4,4,4,3,3,4,3,3,4,4,5,4,4,4,4,4,92
"62","A69","4327","5",3,4,4,3,5,4,5,3,3,5,5,5,3,4,5,4,5,5,5,5,5,5,5,5,105
"63","A68","4368F"," when it floats and when it sinks in same volume of water",4,4,3,4,3,4,4,4,5,5,5,4,3,5,4,5,5,3,3,5,5,5,3,4,99
"64","A64","4367","4",3,4,5,5,4,4,5,3,5,5,5,4,5,5,4,5,3,4,5,5,4,4,5,5,106
"65","A72","4359","4",3,5,5,4,4,5,5,4,4,4,4,3,3,3,4,5,4,4,5,5,5,5,5,5,103
"66","A79","4347","4",5,5,5,5,4,4,5,5,5,5,5,4,4,5,5,4,5,5,5,5,5,5,5,5,115
"67","A77","4323","4",4,5,5,5,5,5,5,4,4,5,5,5,4,5,5,5,5,5,4,5,5,5,4,5,114
"68","A66","4356","4",4,3,4,4,5,4,3,3,4,5,5,4,4,3,3,5,4,4,5,5,5,4,5,5,100
"69","A67","4357","4",NA,5,5,5,4,4,4,4,3,4,4,4,4,5,3,4,4,5,4,5,4,5,4,4,97
"70","A80","4339","4",4,4,4,3,4,4,3,4,3,4,4,4,5,4,5,4,4,4,5,5,4,4,5,5,99
"71","A62","4373","4",4,3,4,3,5,4,3,4,4,4,5,4,5,4,4,5,5,5,5,5,5,5,5,5,105
"72","A71","4348","4",4,5,5,4,5,4,4,3,5,4,4,3,3,3,4,5,5,4,4,5,4,5,5,5,102
"73","A76","4355","4",3,4,4,4,4,3,4,3,3,4,3,3,3,3,3,4,4,4,5,4,4,4,4,4,88
"74","A65","4324","5",5,5,5,3,5,5,4,5,5,5,5,5,5,5,5,5,5,5,5,5,5,5,5,5,117
"75","A74","4342","5",5,5,2,4,5,5,5,4,4,4,5,4,5,4,5,5,4,4,5,5,4,4,5,5,107
"76","A126","4352","5",5,5,5,5,5,5,5,5,5,5,5,5,5,5,5,5,5,5,5,5,5,5,5,5,120
"77","A73","4328","5",4,5,5,5,5,4,4,4,3,5,4,4,4,5,4,5,5,4,5,5,5,5,5,5,109
"78","A78","4364","4",4,4,4,4,4,4,4,4,3,4,4,3,4,4,4,4,3,3,4,4,4,3,4,4,91
"79","A92","4413","4",4,4,4,4,4,3,4,2,2,3,2,3,2,3,4,4,3,4,5,5,3,4,5,5,86
"80","A91","4415","4",4,4,4,4,4,4,4,4,3,4,4,3,3,3,3,4,3,3,4,4,3,3,4,4,87
"81","A95","4421","4",5,4,4,4,5,4,4,5,4,4,5,4,4,3,4,5,3,3,5,5,4,3,5,5,101
"82","A85","4410","4",4,5,4,4,4,4,4,4,4,4,5,5,4,4,5,5,5,4,5,5,4,4,5,5,106
"83","A86","4411","4",4,4,4,3,4,4,3,3,4,4,4,4,5,3,4,5,3,4,4,5,4,4,4,5,95
"84","A87","4396","5",4,4,5,4,5,5,4,5,5,5,5,4,5,5,5,5,5,5,5,5,5,4,5,5,114
"85","A84","4404","4",5,5,5,5,5,5,5,2,4,3,2,2,2,2,4,4,4,3,5,5,4,4,5,5,95
"86","A93","4022","5",3,4,4,4,4,3,2,5,5,5,5,4,4,5,5,5,3,4,5,5,5,4,5,5,103
"87","A81","4422","5",5,5,5,5,5,5,5,5,5,5,5,5,5,5,5,5,5,5,5,5,5,5,5,5,120
"88","A90","4419C","4",3,3,4,4,4,4,3,2,3,3,3,3,3,3,4,4,3,4,4,4,4,4,4,4,84
"89","A89","4418","4",3,4,4,4,5,4,4,4,5,5,5,4,4,4,4,5,5,5,5,5,4,5,5,5,107
"90","A83","4407","5",4,4,4,4,4,4,5,4,5,5,4,4,5,3,4,5,4,4,4,4,4,4,4,5,101
"91","A82","4406","4",4,5,5,4,4,4,4,3,4,5,4,3,4,4,4,4,4,3,5,5,3,4,5,5,99
"92","A97","4397","4",3,4,4,4,4,4,4,4,4,4,4,4,3,4,3,5,5,4,5,5,5,4,5,5,100
"93","A94","4400","3",4,4,4,4,4,4,3,3,4,4,4,4,4,3,5,4,4,4,4,5,4,4,4,5,96
"94","A96","4417","4",4,5,5,5,4,5,4,3,5,4,4,4,4,5,4,5,5,4,5,5,4,4,5,5,107
"95","A98","4408F","3",4,4,5,4,4,4,3,3,5,4,4,4,3,4,4,4,4,4,5,5,4,4,5,5,99
"96","A104","4447","5",5,5,4,4,5,5,4,4,5,4,5,4,4,5,5,5,4,5,5,5,5,5,5,5,112
"97","A100","4459","5",5,5,5,5,5,5,5,4,3,4,4,3,4,4,3,4,4,4,4,5,4,4,5,5,103
"98","A109","4448","5",3,5,4,4,5,5,4,4,5,5,5,4,5,3,5,5,5,4,5,4,5,5,4,4,107
"99","A112","4453","4",4,4,5,4,4,4,4,4,4,4,5,4,4,3,4,5,4,4,4,4,4,4,4,5,99
"100","A106","4454","4",5,4,5,3,3,4,4,2,3,3,3,3,2,2,4,4,5,5,5,4,3,5,4,5,90
"101","A99","4456","4",4,4,4,4,4,4,5,5,5,4,4,3,4,3,4,5,5,4,4,5,4,4,5,5,102
"102","A107","4450","4",4,4,4,3,4,4,3,4,3,3,3,3,3,3,3,5,3,4,5,5,4,3,4,5,89
"103","A102","4449","4",5,5,5,4,4,4,4,5,5,5,4,5,4,4,5,3,3,4,4,4,4,3,4,5,102
"104","A108","4452","1",4,1,1,3,5,4,1,5,4,1,5,4,1,2,5,5,5,1,5,1,5,1,1,1,71
"105","A105","4458","5",4,5,5,5,5,5,5,4,4,4,5,4,4,5,5,5,5,4,5,5,5,5,5,5,113
"106","A101","4455","4",4,4,4,4,4,4,3,1,4,3,2,4,3,4,1,1,2,2,4,4,1,3,4,4,74
"107","A103","4435","3",3,2,3,4,4,4,2,4,3,5,4,4,4,4,5,4,4,4,3,3,4,3,5,3,88
"108","A110","4457","3",4,4,4,4,5,5,4,3,4,4,4,3,4,4,5,4,3,4,4,4,4,5,4,4,97
"109","A111","4451","4",4,5,4,4,5,4,4,5,5,5,5,5,5,5,5,5,5,5,5,5,5,5,5,5,115
"110","A113","4460","4",4,5,5,4,4,4,4,4,5,5,5,4,4,4,5,5,5,5,5,5,5,5,5,5,111
"111","A116","4384","5",5,5,5,5,5,5,5,4,5,5,5,5,5,5,4,5,5,5,5,5,5,5,5,5,118
"112","A125","4378","4",4,4,4,4,4,4,4,4,4,4,4,4,4,4,4,4,4,4,4,4,4,4,5,4,97
"113","A123","4377","3",4,4,4,4,4,4,4,4,4,4,4,4,3,3,4,4,4,4,4,5,5,4,5,5,98
"114","A119","4376","4",5,5,5,4,5,4,4,5,4,5,4,5,5,4,5,5,4,5,5,5,5,5,5,5,113
"115","A114","4390","4",3,4,4,3,4,4,4,4,5,4,4,4,3,5,5,4,4,4,4,4,4,5,5,5,99
"116","A122","4382","3",3,4,4,4,4,3,3,3,2,4,4,4,3,4,3,4,4,4,3,4,4,4,4,4,87
"117","A121","4383","5",4,4,4,4,5,4,5,5,4,5,5,5,3,5,5,5,5,5,5,5,5,5,5,5,112
"118","A118","4379","4",4,4,5,4,4,4,3,5,4,4,4,4,4,4,4,5,5,5,4,4,4,5,4,5,102
"119","A206","4381","3",2,4,3,2,4,4,2,3,3,4,3,2,3,4,3,2,2,5,5,4,3,4,4,4,79
"120","A117","4368","5",4,5,5,5,5,4,5,5,5,5,5,5,5,5,5,5,5,5,5,5,5,5,5,5,118
"121","A124","4380","4",5,5,5,4,5,5,4,3,5,5,4,4,4,5,5,5,4,5,5,5,5,5,5,5,112
"122","A120","4394","5",5,5,5,5,5,5,4,4,5,5,5,5,4,4,5,5,5,5,5,5,5,5,5,5,116
"123","A115","4391","3",3,3,4,3,4,3,4,2,3,3,3,3,4,3,3,4,3,3,4,4,2,3,4,4,79
"124","A132","4335","4",4,4,4,5,4,4,4,3,5,4,3,3,4,5,4,4,3,3,4,5,4,3,4,5,95
"125","A133","4279F","5",4,5,4,4,5,4,4,5,4,5,4,4,4,4,4,5,5,5,5,5,5,5,5,5,109
"126","A129","4279","4",4,4,4,3,5,4,4,4,4,4,4,2,3,4,4,5,4,4,4,4,4,4,4,4,94
"127","A127","4334","5",4,4,5,4,5,5,5,4,4,4,4,4,3,4,4,4,4,4,4,5,4,4,5,4,101
"128","A130","4281F","4",3,5,4,3,5,4,3,5,5,5,4,4,3,4,4,5,4,4,5,5,5,4,5,5,103
"129","A131","4245","4",4,4,4,5,5,5,4,3,5,5,4,3,4,4,3,5,4,4,5,5,4,4,4,5,102
"130","A128","4341","5",5,5,5,5,5,5,4,3,3,5,5,5,5,3,5,4,4,4,5,5,5,4,5,4,108
"131","A135","4283","4",4,4,4,3,4,4,3,4,4,4,4,4,4,4,4,4,4,4,5,5,4,4,5,5,98
"132","A144","4430","5",5,5,5,3,4,5,3,3,4,4,4,3,4,5,5,5,2,3,5,5,5,3,5,5,100
"133","A142","4431","3",3,3,4,3,4,4,3,3,5,5,5,5,3,4,4,5,4,4,4,4,4,4,3,4,94
"134","A141","4437","5",5,5,4,5,5,4,4,4,5,5,5,4,5,4,5,4,5,5,5,5,5,5,5,5,113
"135","A134","4428","5",4,4,4,4,5,5,4,4,4,4,4,4,4,4,3,4,4,4,5,5,5,4,5,5,102
"136","A137","4426","4",4,4,5,4,5,4,3,4,4,4,5,4,4,4,4,4,4,4,5,5,4,4,5,5,102
"137","A138","4436","5",5,5,5,5,5,4,4,4,5,5,5,4,4,5,5,4,5,5,5,5,5,5,5,5,114
"138","A143","4432","3",4,3,4,3,4,3,3,1,3,3,4,4,3,2,4,4,3,4,4,3,4,4,4,3,81
"139","A140","4423","4",4,5,4,4,5,3,4,4,5,5,5,5,5,5,5,5,5,5,5,5,5,5,5,5,113
"140","A145","4429","4",4,4,4,4,4,4,4,4,4,4,4,4,4,4,4,4,4,4,4,4,4,4,4,4,96
"141","A136","4433","5",5,5,5,4,5,4,4,4,4,5,5,4,5,3,4,5,5,5,5,5,5,5,5,5,111
"142","A139","4440","4",5,3,4,3,5,2,2,1,5,2,2,3,3,1,5,3,3,1,4,4,4,3,4,4,76
"143","A146","4360","2",4,4,4,4,4,4,3,1,3,4,3,1,3,2,2,4,2,3,4,4,4,2,4,4,77
"144","A148","4350","4",4,5,5,5,4,4,5,3,3,3,4,3,4,3,3,4,4,5,4,4,4,4,4,4,95
"145","A147","4344","5",5,5,5,5,5,4,5,2,5,4,4,3,2,5,5,5,4,4,5,5,3,4,5,5,104
"146","A167","4535","4",4,4,3,4,5,4,4,5,4,4,4,3,4,4,5,5,4,5,5,4,5,5,5,5,104
"147","A171","4538F","4",5,5,5,4,5,4,4,4,4,4,5,4,4,4,4,5,4,4,4,5,4,4,4,4,103
"148","A156","4531","5",4,5,4,5,5,5,5,3,5,4,5,4,5,3,4,5,5,5,5,5,5,5,5,5,111
"149","A166","4564","4",4,4,5,4,4,4,4,4,5,4,4,4,4,5,4,5,5,5,5,5,5,5,5,5,108
"150","A163","4538","4",4,4,4,3,4,4,4,5,5,5,5,5,4,5,5,4,5,5,5,5,4,5,5,5,109
"151","A150","4545","4",4,5,4,4,5,4,4,4,5,5,5,5,4,4,4,5,4,5,4,5,5,5,5,4,108
"152","A158","4533","4",4,5,5,4,5,5,4,5,5,5,5,4,4,5,5,5,5,5,5,5,5,5,5,5,115
"153","A153","4537","4",4,4,4,5,4,3,4,4,4,4,5,4,4,5,4,4,4,4,5,4,4,4,4,4,99
"154","A162","45719","3",2,4,2,2,4,4,2,2,2,3,4,3,3,3,3,3,2,3,4,4,4,2,4,4,73
"155","A168","4549","4",4,4,4,4,4,4,4,3,3,4,3,3,4,3,4,4,4,3,4,4,4,4,4,4,90
"156","A161","4558","3",5,4,4,4,5,4,4,4,4,5,3,4,4,3,3,4,4,4,4,4,4,4,4,4,96
"157","A155","4574","4",4,4,4,3,4,4,3,3,3,4,5,3,4,4,4,4,4,5,4,4,4,4,4,4,93
"158","A157","4540","5",5,5,5,5,5,4,5,2,2,1,1,1,2,3,3,5,4,5,5,5,4,4,5,5,91
"159","A159","4559","5",5,5,5,4,5,5,4,5,4,4,4,4,4,4,5,4,4,5,5,5,4,4,5,5,108
"160","A152","45710","4",3,4,4,3,4,4,3,3,4,4,4,4,3,4,4,3,3,4,4,5,4,3,4,5,90
"161","A164","4568","5",5,5,5,3,5,5,4,5,4,4,5,4,4,4,4,4,4,5,5,5,4,4,5,5,107
"162","A149","4536","4",3,3,4,4,4,4,4,4,3,4,3,3,3,3,3,3,3,3,4,5,4,4,4,4,86
"163","A172","4543","5",5,5,5,5,5,5,5,5,4,5,5,5,5,5,5,5,5,5,5,5,5,5,5,5,119
"164","A151","4546","5",4,3,4,4,4,3,4,4,5,5,4,4,4,5,4,4,4,5,5,4,4,5,5,4,101
"165","A170","4551","3",3,5,4,4,4,4,4,4,4,4,4,4,4,4,5,5,4,4,5,5,5,4,5,5,103
"166","A160","4566","4",4,4,4,3,4,4,3,3,4,4,3,4,4,3,4,4,4,4,4,5,4,5,5,5,95
"167","A169","4528","4",4,5,5,4,5,5,4,4,5,4,5,4,4,5,5,5,5,5,5,5,5,5,5,5,113
"168","A154","4562","4",3,4,5,4,4,4,4,5,3,4,4,5,4,4,4,4,3,4,5,4,4,4,4,4,97
"169","A218","4527","4",4,4,3,3,4,4,2,1,2,3,3,2,4,3,4,3,3,3,4,4,3,3,4,4,77
"170","A165","4550","3",4,4,4,3,4,3,4,3,4,3,4,4,4,5,4,5,4,4,4,5,4,4,5,5,97
"171","A176","4465","4",3,4,4,4,4,3,4,3,2,4,4,3,5,3,3,5,3,4,5,5,4,3,5,5,92
"172","A184","4517","4",3,4,4,4,4,4,4,5,5,5,5,4,4,5,5,5,5,4,5,5,5,4,5,5,108
"173","A181","4479","5",5,5,4,5,5,4,4,5,3,5,5,5,5,4,5,5,5,5,5,5,4,4,4,4,110
"174","A180","4488","4",4,5,5,5,5,4,5,3,4,5,4,3,5,5,4,5,4,5,4,5,5,4,5,5,108
"175","A186","4498","4",4,4,5,3,4,4,4,4,2,4,4,3,4,4,5,4,4,4,5,5,5,5,5,5,100
"176","A182","4467","3",4,4,4,4,4,4,4,5,4,5,4,4,4,4,4,4,4,4,4,5,4,4,5,4,100
"177","A194","4514","4",4,4,4,5,5,4,5,3,3,4,4,4,4,4,5,5,5,4,5,5,4,4,4,4,102
"178","A175","4475","3",3,4,4,4,4,4,4,4,3,5,4,3,3,3,3,4,4,2,5,4,4,3,3,5,89
"179","A195","4495","5",5,4,5,5,5,4,4,4,5,5,4,4,5,4,5,5,4,5,5,5,5,5,5,5,112
"180","A219","4494","4",4,5,4,5,5,4,5,3,3,4,4,4,4,5,4,5,4,4,5,5,5,5,4,4,104
"181","A197","4478","4",5,5,4,4,5,4,3,4,5,5,5,4,5,3,4,5,5,5,5,4,2,5,5,5,106
"182","A198","4524","4",4,4,4,3,5,4,3,4,5,5,4,3,4,5,3,4,4,5,4,5,4,3,5,4,98
"183","A177","4485","3",3,4,4,5,4,3,5,5,2,5,5,4,4,4,3,5,4,3,5,5,5,4,5,5,101
"184","A221","4490","4",2,4,4,4,3,4,4,3,2,3,5,3,3,4,5,4,3,4,5,3,4,5,4,4,89
"185","A188","4461","5",4,3,4,4,4,3,4,2,3,4,5,3,3,4,4,5,5,4,4,4,5,5,5,4,95
"186","A204","4509","3",4,4,4,4,4,4,3,5,4,4,4,4,5,5,5,5,4,5,5,5,4,4,4,4,103
"187","A201","4518","3",3,4,4,5,3,4,4,2,2,3,3,3,3,5,3,3,4,3,4,4,4,3,3,4,83
"188","A189","4499","3",3,4,3,4,4,4,3,5,3,1,4,2,4,4,3,4,4,4,4,4,1,2,4,5,83
"189","A200","4500","4",5,4,4,4,4,5,4,4,4,4,4,4,4,5,5,5,4,4,5,5,5,4,5,5,106
"190","A193","4515","4",4,3,3,3,4,4,3,5,4,5,5,4,4,3,5,5,4,4,5,5,5,4,5,5,101
"191","A179","4507","5",5,5,5,5,5,5,5,5,5,5,5,5,5,5,5,5,5,5,5,5,5,5,5,5,120
"192","A205","4502","4",5,4,4,5,4,3,5,5,3,4,4,4,5,3,4,4,4,4,4,4,5,3,4,4,98
"193","A220","4513","4",4,5,4,3,5,3,3,4,4,4,5,4,5,4,5,5,5,5,5,5,5,5,5,5,107
"194","A183","4504","3",4,4,4,4,4,4,4,3,4,5,4,4,4,4,4,5,3,4,4,4,4,3,5,5,97
"195","A187","4492","4",5,5,4,5,4,5,4,4,5,4,5,5,5,4,4,5,5,4,5,4,5,4,4,4,108
"196","A178","4466","4",3,4,5,5,5,5,5,4,5,5,5,3,3,4,5,5,4,3,5,5,5,4,5,5,107
"197","A202","4476","5",5,5,5,4,5,5,4,4,5,5,4,4,4,4,4,5,5,5,5,5,5,5,5,5,112
"198","A203","4501","3",3,4,3,4,4,3,3,5,3,4,5,3,3,3,4,5,3,3,5,4,4,4,5,5,92
"199","A199","4491","4",4,4,4,3,4,4,3,3,4,4,5,4,4,3,4,4,4,4,4,5,4,4,4,4,94
"200","A185","4503","4",5,4,5,5,4,5,5,4,3,4,5,4,4,4,3,5,4,4,4,4,4,4,4,5,102
"201","A192","4519","5",5,5,5,4,5,4,4,4,5,5,4,4,4,5,5,3,5,5,5,5,5,5,5,5,111
"202","A191","4468","yes volume",1,4,2,4,1,4,3,4,4,5,5,5,5,5,5,5,5,3,2,5,5,5,5,4,96
"203","A190","4482","5",4,5,5,4,5,5,5,3,4,5,5,3,5,3,5,5,5,5,5,5,4,5,5,5,110
"204","A196","4505","4",4,5,5,4,4,4,4,4,3,5,5,4,4,4,5,5,5,5,5,5,5,5,5,5,109
"205","A210","4372","4",4,4,4,4,4,3,4,4,4,4,4,4,5,3,4,4,4,4,4,4,4,4,4,3,94
"206","A207","4374","3",4,4,3,4,4,3,4,4,4,5,4,4,5,2,4,3,4,4,4,5,4,4,4,4,94
"207","A214","4316","3",3,4,4,3,4,3,3,4,3,4,5,3,3,3,4,4,3,2,3,3,4,4,3,4,83
"208","A216","4305","3",3,4,4,4,4,2,3,2,4,3,3,2,4,4,4,4,4,3,4,3,4,2,4,3,81
"209","A213","4326","3",3,4,4,4,4,4,4,2,3,3,5,4,4,2,4,5,5,4,5,5,5,5,5,5,98
"210","A211","4381R","4",5,4,5,4,4,5,4,5,5,4,4,4,3,4,5,5,4,5,5,5,5,5,5,5,109
"211","A209","4314","3",3,3,4,4,5,4,4,3,3,4,4,2,3,4,2,5,4,4,4,5,4,5,5,5,93
"212","A217","4310R","4",3,3,4,4,4,3,3,4,3,4,4,3,3,4,4,3,3,4,3,3,4,3,3,4,83
"213","A208","4281","4",3,4,4,4,4,4,4,3,4,4,4,5,3,4,4,4,4,4,4,4,4,4,4,4,94
"214","A215","4353","4",4,4,5,5,5,5,4,4,5,5,5,5,4,5,4,5,5,4,5,5,5,5,5,5,113
"215","A212","4297","4",5,3,4,3,5,3,3,3,4,4,5,4,4,4,4,4,3,4,5,4,4,4,5,5,96
"216","A222","4712","4",4,5,5,4,5,5,4,5,5,5,5,5,4,5,5,5,5,5,5,5,5,5,5,5,116
"217","A225","4710","5",5,5,5,4,5,5,3,4,5,5,5,5,5,5,5,5,5,5,5,5,5,5,5,5,116
"218","A224","4693","5",5,5,5,5,4,4,5,4,4,4,4,4,3,3,4,5,3,4,4,5,4,3,5,5,101
"219","A223","4702","3",2,4,4,4,4,4,4,2,3,4,3,3,3,2,3,3,2,2,4,3,2,2,3,3,73
"220","A228","4704","5",5,5,5,5,5,4,4,5,5,4,5,5,5,5,4,5,5,5,5,5,5,5,5,5,116
"221","A227","4708","5",5,5,5,4,5,5,5,5,5,4,3,5,5,4,5,5,5,5,5,5,5,5,5,5,115
"222","A226","4697","4",4,4,4,4,3,4,3,5,1,4,3,2,3,4,4,4,4,4,5,5,4,4,5,5,92
"223","A229","?","4",5,4,5,4,4,4,3,4,4,4,4,4,4,4,4,5,4,4,5,5,4,5,5,5,103
"224","A235","4725","5",5,5,5,5,5,5,4,5,4,5,5,5,5,4,5,5,5,5,5,5,5,5,5,5,117
"225","A234","4717","4",4,5,5,4,4,4,4,3,4,5,5,4,4,4,4,5,5,4,5,5,5,5,5,5,107
"226","A240","4722","5",4,5,5,5,5,5,5,5,5,5,5,4,5,5,5,5,4,5,5,5,5,5,5,5,117
"227","A236","4727","5",4,5,5,5,5,5,4,5,5,5,5,4,4,5,5,5,5,5,5,5,5,5,5,5,116
"228","A232","4720","5",5,5,5,5,5,5,5,4,4,5,5,5,3,2,5,5,5,5,5,5,5,5,5,5,113
"229","A230","4730","5",5,4,4,4,4,4,5,3,5,3,4,3,4,3,4,5,5,5,5,4,4,5,5,5,102
"230","A237","4716","4",5,4,5,4,4,4,4,4,4,4,4,3,5,5,5,5,5,5,5,5,4,4,5,5,107
"231","A239","4606","4",4,5,5,5,5,4,4,4,4,5,5,3,5,5,5,5,5,5,5,5,4,4,5,5,111
"232","A231","4723","4",5,5,5,5,5,5,5,4,4,5,5,4,4,4,4,5,5,5,5,5,5,5,5,5,114
"233","A238","4371","5",5,5,5,5,5,4,4,5,5,5,5,5,4,5,4,5,5,5,4,4,4,5,4,4,111
"234","A233","4734","3",5,4,5,4,5,4,4,4,4,4,5,3,5,4,4,4,4,5,5,4,4,4,5,5,104
"235","A242","4762","3",3,4,4,3,4,4,2,3,4,4,4,3,4,3,4,5,4,2,5,4,5,3,5,4,90
"236","A245","4765","5",5,5,5,5,5,4,5,5,3,5,5,3,4,4,5,5,5,5,5,5,5,5,5,5,113
"237","A247","4761","4",4,5,5,5,5,5,5,3,5,5,5,4,5,4,4,5,5,5,5,5,5,5,5,5,114
"238","A248","4755B","3",1,3,1,3,4,3,3,3,4,5,5,5,3,4,5,3,4,3,4,5,4,4,5,4,88
"239","A246","4756B","4",5,4,4,5,4,4,5,4,4,5,4,3,3,5,4,3,5,4,5,5,5,4,5,5,104
"240","A241","4739B","3",5,5,5,3,5,3,3,3,5,5,3,3,5,3,4,5,3,3,5,5,1,3,5,5,95
"241","A250","5762","5",4,4,5,4,5,3,5,5,5,5,5,5,5,5,5,5,5,5,5,5,5,5,5,5,115
"242","A249","4757","4",4,5,4,5,5,4,5,3,5,5,4,4,4,5,4,5,5,5,3,5,4,4,5,5,107
"243","A243","4764","4",4,4,4,3,4,4,4,3,5,5,5,5,5,4,4,5,5,5,5,5,5,5,5,5,108
"244","A244","4758","5",5,4,4,4,5,4,5,5,5,5,5,3,3,5,4,5,4,5,5,5,5,4,5,5,109
"245","A260","4607","4",5,4,5,4,4,5,5,4,5,5,5,5,4,4,4,5,4,5,5,5,5,4,5,5,111
"246","A256","4609","4",4,5,5,5,5,5,4,5,4,5,5,3,2,4,5,5,5,5,5,5,5,4,5,5,110
"247","A252","4578","5",4,4,4,5,5,4,5,3,4,4,4,3,3,3,5,5,5,4,5,5,5,5,5,5,104
"248","A264","4599","3",3,5,4,4,4,5,4,4,4,5,4,3,4,4,4,5,4,3,4,5,4,4,5,4,99
"249","A253","4602","4",4,4,5,4,5,5,4,4,5,4,5,4,4,5,4,5,5,5,5,5,5,5,5,5,111
"250","A259","4592","3",3,5,4,5,5,4,4,5,5,5,5,4,5,5,5,5,5,5,4,5,5,5,5,5,113
"251","A270","4608","4",4,5,4,4,5,4,4,3,3,4,3,4,4,5,4,4,3,4,5,5,4,4,5,5,99
"252","A267","4584","4",4,5,4,3,5,5,3,3,4,4,3,3,5,3,4,4,4,3,5,5,4,4,5,5,97
"253","A258","4589","4",4,4,5,4,5,4,4,3,4,4,3,4,4,4,4,5,5,5,5,5,5,5,5,5,105
"254","A254","4617","3",4,3,4,4,4,4,4,4,3,4,4,4,4,4,3,4,3,3,5,4,4,3,5,5,93
"255","A257","4626","4",4,4,5,5,5,5,5,3,3,4,4,4,5,4,4,5,4,4,5,5,5,4,5,5,106
"256","A268","4619","5",4,4,4,5,4,4,4,3,4,3,5,5,4,1,5,5,5,4,5,5,5,5,5,5,103
"257","A262","4585","5",5,5,5,5,5,4,5,5,5,5,5,5,4,4,5,5,5,5,5,5,5,5,5,5,117
"258","A266","4598","4",5,5,5,4,4,4,4,2,4,3,2,2,3,3,4,4,3,2,5,4,5,4,5,5,91
"259","A255","4616","4",5,4,5,5,4,5,3,4,3,4,4,4,4,4,4,4,3,3,4,4,3,4,4,4,95
"260","A273","4597","4",5,5,4,3,5,4,4,5,5,5,5,3,5,3,5,5,5,5,5,5,5,5,5,5,111
"261","A265","4586","4",4,4,4,5,4,4,4,3,5,4,5,4,3,5,5,5,4,5,5,5,5,5,5,5,107
"262","A269","4593","4",5,3,4,4,4,5,5,4,3,4,4,4,2,5,3,4,4,4,5,4,5,4,4,5,98
"263","A274","4596","5",5,5,5,5,5,5,4,4,5,5,5,5,5,5,5,5,5,5,5,5,5,5,5,5,118
"264","A261","4621","5",5,5,5,5,5,5,5,5,4,5,5,5,5,5,4,5,5,5,5,5,5,5,5,4,117
"265","A263","4615","3",4,4,4,5,4,3,3,4,3,5,4,3,4,3,5,4,4,4,4,3,4,4,4,2,91
"266","A272","4627","4",4,4,4,4,4,4,3,4,4,4,4,4,5,3,5,5,5,5,5,5,5,5,5,5,105
"267","A271","4610","4",3,4,3,4,4,4,3,3,4,4,5,4,3,4,5,5,4,2,5,4,4,4,4,4,93
"268","A282","4753","4",4,4,4,5,4,4,4,5,4,5,5,4,4,5,5,5,4,4,5,5,3,4,4,5,105
"269","A283","4743","3",3,4,3,5,3,4,5,5,5,5,5,4,3,4,4,5,3,5,5,4,5,3,4,5,101
"270","A279","4272","4",4,4,4,4,4,4,3,4,4,4,4,4,4,4,4,4,4,3,4,4,4,4,4,4,94
"271","A285","4760F","5",4,4,4,5,5,5,4,4,5,5,5,4,4,5,5,5,5,5,5,5,5,5,5,5,113
"272","A278","4740","4",4,3,3,3,4,4,3,3,4,4,3,3,4,3,4,4,4,3,4,4,4,4,4,4,87
"273","A275","4746","5",5,5,5,5,5,5,5,5,5,5,5,5,5,5,5,5,5,5,5,5,5,5,5,5,120
"274","A357","4750","4",4,5,5,5,3,3,5,1,1,1,1,3,1,1,2,1,1,1,5,5,3,1,4,5,67
"275","A276","4755","4",4,4,4,5,4,5,4,4,4,4,4,4,4,4,4,4,4,4,4,5,4,5,4,4,100
"276","A280","4754","1",3,4,4,4,4,4,5,4,4,3,4,3,3,3,3,4,3,3,5,4,4,4,4,4,90
"277","A286","4737","3",3,4,4,3,5,4,5,2,4,5,4,3,3,3,3,4,3,2,3,4,4,3,3,3,84
"278","A281","4748","3",3,4,3,4,3,3,5,4,5,3,4,5,3,3,5,4,5,5,5,4,4,4,4,5,97
"279","A277","4756","3",4,5,4,4,4,3,5,3,5,4,5,5,5,3,5,5,4,5,5,5,4,5,5,3,105
"280","A284","4739","3",3,3,3,4,4,3,3,3,4,3,4,4,4,4,4,3,4,3,4,4,4,4,4,4,87
"281","A358","4752","4",3,4,3,5,4,4,5,3,5,5,4,4,4,4,5,5,5,4,4,5,5,4,5,5,104
"282","A292","4224","4",5,5,5,4,5,4,4,5,5,5,5,4,4,4,5,5,5,5,5,4,5,5,5,4,112
"283","A287","4232","4",4,4,5,3,4,4,3,4,5,4,4,4,4,4,4,4,5,4,4,4,3,4,4,4,96
"284","A289","4230","5",4,5,5,5,5,4,5,5,3,4,4,4,5,4,4,4,4,4,5,5,5,4,5,5,107
"285","A293","4236","4",4,4,4,4,4,4,4,4,4,4,4,4,3,4,4,5,4,5,5,4,4,4,4,4,98
"286","A288","4229","4",5,5,5,4,5,5,5,4,4,4,5,5,5,4,5,5,4,5,5,5,5,5,5,5,114
"287","A290","4219","4",5,5,5,5,5,5,5,5,5,5,5,3,4,3,5,5,5,4,5,5,5,5,5,5,114
"288","A291","4235","3",4,4,5,5,5,3,5,5,4,5,5,5,4,4,5,4,5,5,5,3,4,5,5,4,108
"289","A295","4773","4",5,5,5,4,5,5,4,4,5,5,5,5,3,5,5,5,5,5,5,5,5,5,5,5,115
"290","A296","4760","4",4,4,4,4,4,4,2,3,4,4,3,4,3,4,4,2,4,3,4,5,4,4,5,5,91
"291","A294","4767","4",4,4,4,4,4,4,3,3,3,3,4,4,4,4,4,4,4,4,4,4,4,4,4,4,92
"292","A298","4777","5",4,5,5,4,5,5,3,3,3,3,3,3,4,3,5,4,4,5,5,5,2,4,5,5,97
"293","A303","4775","4",4,5,5,5,4,5,4,5,5,5,5,5,4,5,5,5,4,4,5,5,5,5,5,5,114
"294","A299","4768","4",4,4,5,4,4,4,4,4,4,4,4,4,4,5,4,5,4,5,5,5,5,4,5,5,105
"295","A297","4778","5",5,5,5,4,5,5,5,5,5,5,5,5,5,5,5,5,5,5,5,5,5,5,5,5,119
"296","A300","4763","4",3,2,4,3,5,3,3,4,3,4,4,4,4,3,5,4,3,4,5,5,5,4,5,5,94
"297","A304","4770","4",3,3,4,3,4,3,3,4,4,4,4,4,4,3,3,5,5,5,5,5,5,4,5,5,97
"298","A302","4765F","4",4,5,4,4,5,4,4,5,5,5,5,4,3,4,4,5,5,5,5,5,5,5,5,5,110
"299","A301","4771","4",4,4,3,3,4,4,3,4,4,4,4,4,4,5,4,4,4,4,4,4,4,4,4,4,94
"300","A305","4419","5",5,4,5,5,5,5,5,3,4,5,4,3,5,4,5,5,5,5,5,5,5,5,5,5,112
"301","A306","4668","3",4,5,4,5,3,4,5,4,4,4,4,4,5,4,4,4,4,3,4,4,5,3,5,4,99
"302","A309","4295","2",2,2,3,3,3,4,2,1,3,4,2,5,4,3,2,4,2,3,4,4,4,3,4,4,75
"303","A308","4686","5",5,4,5,5,5,4,5,4,4,5,5,4,5,5,5,5,5,5,5,5,5,5,5,5,115
"304","A307","4656","3",3,3,3,4,4,3,3,3,3,3,4,4,5,2,3,5,3,5,5,5,5,5,4,5,92
"305","A314","4822","4",5,5,5,5,5,5,4,4,5,5,5,4,4,5,5,5,5,4,5,5,4,4,5,5,113
"306","A313","4819","4",4,4,5,4,4,4,4,5,4,3,5,4,4,4,5,5,5,4,5,5,5,5,5,5,107
"307","A316","4815","5",5,5,5,5,5,5,5,5,5,5,5,5,5,5,5,5,5,5,5,5,5,5,5,5,120
"308","A310","4821","5",4,5,5,5,5,5,5,5,5,5,5,4,5,5,5,5,5,5,4,5,5,5,5,5,117
"309","A311","4825","4",4,4,4,4,4,4,4,4,3,4,4,4,4,4,5,4,4,3,3,4,4,4,4,4,94
"310","A312","4816","5",5,5,5,5,5,5,5,5,5,3,5,5,5,5,5,5,5,5,5,5,5,5,5,5,118
"311","A315","4817","5",5,5,5,5,5,5,5,5,5,5,5,5,5,5,5,5,5,5,5,5,5,5,5,5,120
"312","A317","4824","4",5,4,4,5,5,5,5,2,4,4,3,5,4,5,4,4,3,4,5,5,4,5,5,4,103
"313","A318","4781","4",4,5,5,3,4,4,3,2,4,3,3,4,3,2,4,3,3,3,5,4,4,4,5,5,89
"314","A322","4782","3",3,4,4,4,4,4,4,4,4,4,4,4,4,3,4,5,3,4,5,4,4,3,4,4,94
"315","A329","4783","4",4,4,5,2,4,4,3,4,3,4,3,3,4,2,4,3,2,3,5,5,4,2,5,5,87
"316","A319","4789","4",4,4,4,3,4,5,4,4,5,4,4,2,3,3,5,5,5,5,5,5,5,5,5,5,103
"317","A320","4786","4",4,4,4,3,4,4,4,3,4,5,4,3,4,4,4,5,4,4,5,5,5,4,5,5,100
"318","A326","4779","5",5,5,3,3,5,2,3,5,4,5,4,4,5,3,3,5,5,5,4,4,5,4,5,5,101
"319","A325","4787","3",4,4,4,3,4,4,3,3,3,3,2,3,4,4,3,4,3,3,4,4,4,4,4,5,86
"320","A324","4785","3",5,5,5,2,5,4,3,5,4,5,5,4,5,2,5,5,5,4,5,5,5,4,5,5,107
"321","A327","4784","1",3,4,3,1,4,4,3,2,2,3,3,4,4,2,5,4,2,1,4,4,3,1,5,4,75
"322","A328","4780","4",4,4,4,4,4,4,4,4,4,4,4,4,4,4,5,5,4,4,5,5,3,4,5,5,101
"323","A321","8291","3",1,4,1,1,1,1,1,1,1,2,2,2,1,1,1,1,1,2,2,3,2,1,1,2,36
"324","A323","2919","1",1,1,1,1,1,3,1,1,2,2,1,1,1,1,1,1,1,1,1,1,1,1,1,1,28
"325","A334","4801","5",4,5,4,3,5,5,3,3,4,4,5,5,5,5,5,5,4,5,5,5,5,5,5,5,109
"326","A331","4802","4",4,4,4,4,4,4,3,3,3,4,4,4,4,3,3,3,3,3,4,4,4,3,4,4,87
"327","A332","4814","4",3,4,3,4,4,4,3,3,4,4,4,3,4,4,4,4,4,4,4,4,4,3,5,4,91
"328","A330","4408","4",3,4,3,4,4,4,4,3,2,3,3,4,4,3,3,4,4,4,4,4,4,4,4,4,87
"329","A339","4803","3",3,4,4,3,4,4,3,2,3,2,4,2,3,3,4,4,3,3,4,4,3,3,4,4,80
"330","A336","4807","4",4,4,4,3,4,4,2,5,4,4,4,5,5,4,5,4,4,5,5,4,4,5,4,4,100
"331","A340","4813","5",5,5,4,3,5,3,1,5,5,4,4,3,4,2,2,4,2,5,5,5,5,4,5,5,95
"332","A338","4806","3",4,4,5,3,4,4,4,4,4,4,4,4,4,4,4,4,4,3,4,4,4,4,4,4,95
"333","A337","4795","3",4,4,4,4,4,3,4,5,2,5,4,3,4,1,3,4,4,4,3,5,5,5,5,5,94
"334","A335","4799","4",4,4,4,3,4,4,4,4,4,4,4,4,4,4,4,4,4,5,4,5,4,4,4,5,98
"335","A333","4805","4",3,3,3,3,4,4,2,4,3,4,5,3,4,4,4,4,3,4,4,4,4,4,4,4,88
"336","A344","4828","4",4,2,5,3,4,4,4,2,3,3,4,3,3,3,4,4,2,3,4,4,3,4,4,4,83
"337","A342","4833","3",4,5,4,3,4,5,3,4,3,3,3,3,3,3,5,5,3,3,5,5,4,3,5,5,93
"338","A341","4836","5",5,5,5,5,5,5,5,4,3,4,4,3,4,3,4,4,4,4,5,5,4,4,5,5,104
"339","A347","4829","3",3,5,4,3,4,3,2,4,3,4,4,4,4,2,3,4,3,3,4,4,3,4,4,4,85
"340","A349","4830","3",3,3,3,5,3,3,4,5,4,5,5,4,4,4,5,4,2,4,5,5,3,5,5,5,98
"341","A345","4826","5",5,5,5,4,5,5,3,5,5,5,5,5,5,4,5,5,5,5,5,5,5,5,5,5,116
"342","A346","4838","2",3,4,3,4,4,4,4,4,4,1,2,2,3,1,4,1,2,4,4,4,3,4,4,3,76
"343","A343","4831","4",3,5,5,3,5,4,4,3,5,4,4,4,4,4,5,5,5,5,5,5,4,5,5,5,106
"344","A348","4832","5",5,5,5,5,5,5,5,5,5,4,5,5,5,5,5,5,4,5,5,5,4,5,4,5,116
"345","A351","4850","2",3,4,4,4,4,4,3,3,4,2,3,2,3,4,3,3,2,4,4,4,4,3,4,4,82
"346","A352","4845","4",4,4,4,4,4,4,4,4,5,5,5,4,4,3,4,4,4,5,5,4,5,4,4,5,102
"347","A350","4846","5",4,5,5,3,5,5,4,3,4,4,2,4,4,3,4,4,5,4,5,5,4,5,5,5,101
"348","A356","4841","4",4,3,4,4,4,4,4,4,4,5,5,5,4,5,5,5,5,5,5,5,5,5,5,5,109
"349","A353","4855","3",2,3,4,3,2,4,2,3,5,3,2,1,3,1,5,3,3,4,4,2,3,4,5,4,75
"350","A355","4839","4",2,2,4,3,4,4,3,3,3,3,4,3,3,4,5,4,4,2,4,4,3,4,4,4,83
"351","A354","4848","5",5,5,5,5,5,5,5,4,4,4,4,4,4,3,4,4,4,5,5,5,4,5,5,5,108
"352","A361","4869","5",5,5,5,4,5,5,5,4,5,5,4,5,5,5,4,5,5,5,5,5,5,5,5,5,116
"353","A359","4860","4",4,4,5,4,4,4,4,3,4,3,3,3,4,3,4,4,4,4,4,4,3,4,4,5,92
"354","A363","4862","5",5,5,5,5,5,3,4,3,4,4,4,3,3,4,4,4,4,5,5,5,5,4,5,5,103
"355","A365","4861","4",4,3,3,3,4,3,3,4,5,4,4,4,3,4,4,5,4,4,4,4,4,4,5,5,94
"356","A360","4871","4",4,5,5,5,4,4,3,3,3,3,4,3,4,3,4,4,4,5,4,5,4,4,4,5,96
"357","A362","4874","3",4,3,4,4,4,3,4,4,4,4,3,3,3,4,4,4,4,4,5,5,3,5,5,5,95
"358","A367","4870","4",3,4,4,4,4,4,4,1,3,3,2,3,2,4,4,4,3,3,3,4,3,3,3,4,79
"359","A366","4863","4",5,5,5,3,4,5,5,3,4,3,3,4,4,4,2,4,3,5,4,4,4,4,4,4,95
"360","A364","4868","4",5,5,5,5,5,4,4,5,4,5,5,4,5,5,5,5,5,5,5,5,5,5,5,5,116
"361","A368","4897","4",4,4,4,3,5,4,4,4,4,4,5,4,4,4,5,4,4,3,4,4,4,4,5,4,98
"362","A387","4919","4",5,4,5,5,4,4,5,3,5,3,4,4,3,4,4,4,4,4,5,4,5,5,5,5,103
"363","A383","4908","4",4,4,5,4,5,5,5,3,4,4,5,5,4,4,5,5,4,4,4,5,4,4,5,5,106
"364","A374","4910","4",4,4,5,3,4,5,3,4,5,4,4,4,4,5,5,4,4,3,5,5,4,4,5,5,102
"365","A373","4914","3",3,5,4,4,5,4,4,4,5,5,5,4,5,3,5,5,5,5,5,5,5,5,5,5,110
"366","A392","4880","2",3,5,5,5,5,5,4,3,4,5,4,3,2,2,5,5,5,5,5,5,5,5,5,5,105
"367","A390","4912","5",5,5,5,4,5,4,4,4,4,4,4,3,4,3,3,4,4,4,5,4,4,4,4,4,98
"368","A384","4922","3",5,5,4,4,4,3,4,5,4,4,4,4,4,4,5,4,5,2,5,5,5,4,5,5,103
"369","A385","4878","4",4,5,5,5,5,5,5,4,5,5,5,4,4,4,5,5,5,5,5,5,5,5,5,5,115
"370","A386","4884","5",4,5,4,3,4,4,4,5,4,5,5,5,4,5,5,5,5,5,5,5,5,5,5,5,111
"371","A378","4879","4",5,5,5,3,5,4,4,4,5,5,5,4,4,5,4,5,5,4,5,5,5,5,5,4,110
"372","A379","4885","5",5,5,4,5,5,4,4,3,5,4,4,4,4,5,5,5,5,5,5,5,5,5,5,5,111
"373","A372","4911","5",5,4,4,4,5,5,4,4,5,4,4,5,4,5,5,5,5,4,5,5,5,5,5,5,111
"374","A389","4909","3",4,4,4,4,5,5,4,5,3,5,4,3,4,5,4,3,4,5,4,4,5,4,4,4,100
"375","A382","4900","4",4,5,4,5,4,5,5,4,4,5,4,3,4,3,4,5,4,4,5,5,5,3,5,5,104
"376","A376","4927","4",3,3,4,3,5,4,3,3,5,4,4,5,4,3,4,4,4,4,4,5,4,4,4,4,94
"377","A371","4904","5",5,5,5,4,5,5,5,4,5,5,5,4,4,4,5,5,4,4,5,5,5,4,5,5,112
"378","A377","4906","5",4,5,5,5,5,5,5,4,4,5,5,4,4,4,4,5,5,5,5,5,5,5,4,5,112
"379","A391","4917","4",3,4,4,4,4,4,4,5,5,5,4,4,3,5,4,4,5,4,4,4,5,4,4,4,100
"380","A396","4921","3",3,4,4,5,4,3,4,4,5,5,5,3,4,4,4,4,4,5,5,5,5,5,5,4,103
"381","A397","4902","3",4,4,4,4,3,5,4,4,4,4,4,4,5,2,3,4,3,2,5,5,4,2,5,5,93
"382","A395","4896","5",3,4,4,5,5,4,5,3,5,5,5,4,2,3,5,5,5,5,5,5,5,5,5,5,107
"383","A399","4886","4",3,4,4,5,4,3,4,5,5,4,5,3,4,4,5,5,5,5,5,4,4,5,5,5,105
"384","A381","4903","4",2,4,3,4,3,4,4,5,4,3,5,4,5,4,5,5,4,4,5,4,5,4,5,5,100
"385","A375","4926","3",3,4,3,3,2,3,3,3,4,3,3,2,2,3,3,4,5,5,4,3,4,5,2,2,78
"386","A369","4898","5",5,5,5,5,5,5,5,5,4,4,4,5,5,3,4,3,4,3,5,5,4,3,5,5,106
"387","A398","4888","5",4,5,5,5,5,5,5,5,5,5,4,1,5,1,4,4,5,5,5,5,5,5,5,4,107
"388","A370","4887","4",4,5,4,4,4,4,4,4,5,4,4,5,4,5,4,5,4,5,4,4,4,4,3,4,101
"389","A380","4901","5",5,4,4,4,5,4,4,3,3,4,4,4,4,2,4,5,5,3,5,5,5,5,4,4,99
"390","A400","4920","5",4,5,5,5,5,5,5,5,4,4,4,4,4,3,5,4,5,4,5,5,5,5,5,5,110
"391","A388","4899","4",4,5,5,3,4,4,4,5,4,4,4,4,3,5,5,5,4,4,4,4,5,4,5,4,102
"392","A394","4907","3",4,4,4,4,4,4,3,4,5,4,4,4,3,3,4,4,4,3,4,4,4,4,4,4,93
"393","A393","4913","2",3,5,4,3,4,4,4,4,4,3,3,4,4,5,4,5,4,3,5,4,5,3,4,4,95
"394","A394","4933","4",2,3,4,4,3,3,3,4,4,4,4,4,4,5,5,4,4,4,3,4,5,4,4,4,92
"395","A395","4937","4",3,3,4,5,5,4,4,3,5,3,3,4,3,2,4,4,2,4,4,4,2,4,3,4,86
"396","A396","4950","4",4,3,4,4,3,4,4,3,4,5,4,4,4,5,4,5,5,4,5,5,4,3,5,5,100
"397","A397","4932","5",5,5,5,4,5,4,4,5,5,5,5,4,5,5,4,5,5,5,5,5,5,5,5,5,115
"398","A398","4957","4",4,4,3,4,5,5,4,3,4,4,4,5,4,5,4,5,4,4,5,5,5,4,5,4,103
"399","A399","4930","4",4,4,4,5,4,4,5,4,4,4,4,4,4,4,4,4,4,5,4,4,4,4,4,4,99
"400","A400","4946","3",4,5,5,4,3,4,2,3,5,5,5,5,5,5,4,5,5,4,5,5,4,5,5,5,107
"401","A401","4956","3",4,3,4,3,4,4,3,3,2,5,4,5,4,4,3,4,4,2,5,4,3,4,4,5,90
"402","A402","4954","5",4,5,3,5,4,4,5,4,5,4,4,5,4,4,4,5,5,5,5,4,4,5,5,5,107
"403","A403","4928","4",4,4,4,4,5,5,5,4,4,5,5,4,3,5,4,4,5,5,5,5,5,4,5,5,108
"404","A404","4952","4",5,4,5,3,4,4,4,2,4,5,5,4,5,5,5,5,5,5,5,5,5,5,5,5,109
"405","A405","4947","4",5,4,5,4,4,5,4,3,5,5,5,5,4,5,5,5,5,5,5,5,4,5,5,5,112
"406","A406","4942","4",4,4,4,4,4,4,4,4,4,4,4,3,3,4,5,4,4,4,4,4,4,4,4,4,95
"407","A407","4929","5",4,5,4,4,5,4,4,2,4,3,3,3,5,3,4,4,4,2,4,5,2,3,5,4,90
"408","A408","4948","4",4,5,4,4,4,4,4,3,4,5,4,4,5,4,4,4,4,4,5,5,4,4,5,5,102
"409","A409","4936","4",4,4,4,4,3,4,4,4,4,5,4,4,3,4,4,4,4,4,5,5,5,4,5,4,99
"410","A410","4943","4",4,4,5,4,4,5,4,4,4,5,4,4,3,3,4,5,3,4,5,5,4,4,5,5,101
"411","A411","4941","4",3,5,4,5,5,4,4,3,3,4,3,4,3,2,3,5,4,5,5,5,5,5,5,5,99
"412","A412","4934","5",4,4,5,4,5,5,5,4,5,4,4,4,4,4,4,5,4,5,4,5,5,4,5,5,107
"413","A413","4935","4",4,4,5,4,5,4,5,4,5,5,5,5,4,4,4,5,4,5,5,5,5,5,5,5,111
"414","A414","4931","4",5,5,5,5,3,4,4,2,2,4,4,3,4,1,3,5,5,5,5,4,4,5,5,5,97
"415","A415","4949","4",4,5,4,5,5,4,3,4,4,5,4,4,4,3,4,4,4,4,4,4,4,5,5,4,100
